# Created by Octave 4.2.1, Sun Mar 25 18:26:35 2018 GMT <unknown@unknown>
# name: X
# type: matrix
# rows: 500
# columns: 2
 0.03824533966526503 -0.2023765314957086
 -0.4092080077393615 0.6175755218273629
 -1.044735661580776 -0.6806414963123517
 0.1670270671774344 2.387903997397121
 -0.3682120532010972 1.452638317312617
 -0.3786201453858467 0.6224060222438831
 -2.037310088749405 -0.6140550029070827
 1.387066499170103 0.8836035752332432
 1.050022077520004 1.770241322596428
 0.235297790486532 1.457938097154442
 0.5665644420764196 -0.9268333243142248
 0.5366718909670298 -0.3808058116422208
 -0.92326284486165 -3.128430706045865
 0.005412155520922173 0.3005229356676571
 -0.6851386133908447 1.357562537641796
 -0.5922211738744296 0.737717825122685
 1.321744286309986 1.227006759590548
 -0.3982200745533719 2.713072733602904
 -0.5829537629476855 -1.768053230895044
 -0.8562692073291233 -1.886660762651754
 2.055754057959671 -0.2150620436949013
 -2.288923017125811 1.207585037033774
 0.9368996722249635 0.007044347257568662
 -0.122134959854601 -0.09682228776649203
 -1.514280772861718 -0.5098767675906006
 1.875966422815503 -0.2409956282488782
 -0.105933083208812 -0.6342757515571356
 0.3101604587629531 -1.647465467155075
 1.409828966679022 -1.07402119347233
 0.8181311639672867 -0.4412597208159303
 1.605877968424036 0.1472243770778712
 -0.372312680788595 -1.437830079161396
 -0.07244101136938806 0.6442282452235081
 -0.3380248784045432 0.3504827732388888
 -0.1875074402794558 0.2374251813707057
 -0.8784164795902141 -0.2455050521879944
 -0.08678219133478257 -0.1920706952748589
 -0.07364180996632237 0.4235591736688505
 0.008821116234297785 -0.3303681296649399
 0.8279376108114258 -1.376465924966933
 1.370012872648096 1.216630803551813
 1.314851256063308 -1.556219998703226
 1.067924730956051 0.206646241418833
 0.2449708689174785 0.246078767389152
 0.3044855192480629 0.1542995047205875
 0.04404103376144957 0.2097389382274995
 0.4042423835280369 2.300240687467925
 0.2630737404533416 -1.461847480798773
 1.40592646026757 0.8857781062206806
 1.386370630169336 -0.6862063453445347
 0.8149500304251477 1.227336936950284
 0.351114282184917 -1.205475787295767
 -1.81162904851404 0.2235358840301898
 0.813582860548154 -0.8563538620787758
 -0.2522186063513812 0.01074430254801621
 -0.3185318607094263 -0.5141019849463631
 -2.131228207246282 0.03720308316188151
 1.469551065543322 1.373110520197406
 -0.5979222298912952 0.3571600621202025
 -0.9872357035126655 -0.9301208560984717
 0.6611288583509422 2.693253708092239
 -1.178195693894881 -0.3756560359933523
 0.3192523119091742 -0.3394219759818823
 1.945972118575286 0.3348139497086289
 -1.449471095415309 1.051149467632527
 0.4952544851973931 -0.5052562499176221
 0.4906341679596462 1.744960044664751
 -0.5589218141467731 -0.1903159066297073
 1.41582038477882 0.6905964625376041
 -0.3080752546600594 0.8124604148113242
 1.465010033618466 -0.5665396366026164
 -0.289306224630607 -0.5806078504895301
 -0.2892905148096007 1.697819894292231
 1.037693118539314 -0.4883943860826735
 -0.1947729898724592 0.3737571299640526
 -1.603760479009122 0.0003838968632349756
 0.3463006961186737 -0.834691540497268
 0.8970752053145457 -0.570841379897707
 -0.7541453517511089 2.453999335586086
 -1.010824851212637 0.6686879206522193
 0.5981826432893123 -0.1254726916728417
 -0.9756810761360354 -0.3574910150710696
 1.114657898586275 -1.081868667189595
 1.90871275900724 0.7809094343681245
 -0.5193765147178068 0.4024408001944902
 -1.002878596738276 0.3520554833335597
 -0.3769907226541225 0.6004364217581194
 -2.597333262248687 -0.06511778227318295
 0.4623907946026205 -0.8476553533619666
 -1.277914797384628 0.6046834551959113
 -2.265509310276137 -1.108364917829092
 2.271439070288945 0.47294647077061
 0.2624028492889121 1.317135671621741
 0.2265559041097819 1.017223877100865
 1.875333346590601 -0.4462855238425911
 -0.681249180875053 -1.279611952569532
 0.04599401186077215 0.1226724403842497
 -0.6155969366398162 0.8564554266058767
 1.047341979251448 0.8551608965650332
 1.118790210380395 0.09503680659698423
 -0.1396265778887344 -0.8241949110999862
 -0.06580846083243502 1.261852129843894
 -0.3139896193079639 -1.614079647970885
 -1.312461556949401 -0.741587601548279
 0.6772746143180416 -0.4391294339562956
 -0.147404848445112 0.0250848635188024
 0.3418495835182674 0.07480023272466993
 -0.6136049147466647 -0.4145703324607981
 0.5657176394056606 -1.069332956966646
 0.4214535473950816 0.8283103394309712
 -0.1622518784848296 0.1753116011410999
 0.6212837942958898 -0.3200098418496106
 1.023781771451771 0.34163655933105
 1.320325453476324 -0.3544190211106618
 1.643449556377703 -1.770509238437532
 -0.8172050591481798 -0.5065875431169035
 0.9240183445364458 0.1834220101309303
 -0.2504985834805054 -0.595722059124273
 1.276970971257595 0.8223869865618048
 1.812759286104321 -0.103861673883019
 -0.4172499903242403 1.736387702524232
 -1.291728769054115 -0.3082592673686822
 0.9402915384391453 -1.115854937889316
 0.2174672612518871 1.246927404494436
 -0.6358483977894145 -1.858984038637368
 1.750147241548766 0.07350538236095833
 0.309178881340797 -1.635988555465567
 0.4457581084118264 0.2284986550447291
 -2.076565149733264 -1.396336641043766
 -2.034348393658275 -0.08359977315240708
 -0.3980427842978861 1.697807560528166
 -2.629363390965637 0.7806809171690555
 0.2554388127654197 -0.9682809788058457
 0.0967849346574958 -0.3433185176037354
 0.8351281352810813 0.3288317103859542
 -1.625043936387578 -1.536139751489086
 0.9862969942586649 2.36302310284155
 0.1008721817040046 0.4430273629411849
 0.3378668747476902 -2.183919901335364
 0.2903457694794696 -0.5577373570383782
 -1.858555392127329 -0.4314562092274734
 -1.141191580012443 -0.6245106129493161
 -2.678274125973328 -0.2781992856964439
 0.9348611431828979 0.8645206527159345
 1.229750003676721 0.7405915622997314
 0.5483102702730693 -1.946863909410198
 0.371896976525766 1.123488631606897
 -0.004494855872862567 0.8549044402901427
 -1.079571392435108 0.1616455339966898
 0.5213187717716876 0.06887364866001844
 0.4541419954810001 0.3672823969320024
 0.5264170181732429 -0.783966353759968
 -0.2318964700994201 0.587923545694282
 -0.5089537549633484 -0.3419761686690854
 -0.2613498218020751 -0.983688284596691
 -1.593636711515731 -1.970460148900172
 0.2721397547735652 0.9524605434537026
 -0.2527080521937962 0.3928423104538866
 -1.143045569934922 -1.580252938561093
 1.143150918764006 1.013975637599328
 -0.474710434266007 1.081854529988966
 1.429408573328049 0.6580645754743198
 0.4565446474656989 0.1012551967924604
 -0.8844417672004941 1.027186227305409
 -2.213379976743505 1.344993539570086
 0.3634628868377512 -0.4767858021813935
 -0.7241414943255369 -2.398669483606641
 -0.1145104101079668 0.7700952072541992
 -0.4800565337722513 -0.2865895869835023
 1.05856652993685 -0.5134215754724559
 -0.1159541367743409 0.5790952494251926
 0.1238987365260022 0.02587363337341962
 0.9357009531161197 -1.177074546679598
 -0.6631568507439817 0.5726954271270197
 0.03605950531314516 -0.6984331933148322
 -1.585867726833907 -1.389388779543947
 1.067505087156186 0.2216346836207406
 0.5025088729305512 0.529282171714508
 -1.527170433250229 -0.5363151091450726
 -0.4569215119178619 0.2314009536632719
 -0.1392039654893694 0.4318041654018072
 1.467437276112828 -0.09183829361143435
 -0.1339158483530211 -1.36630314331963
 0.4927414456717843 0.1658680506154492
 0.02590845810607738 -0.1367848673227333
 -0.4101928738084556 -0.3018923373975199
 0.3892350442102832 -0.2239426941698344
 -1.846600435679616 -0.1833790284277568
 0.9810508896348926 -0.567597837980765
 0.8569375441426312 -0.4161345727028624
 0.801588513554866 1.724448330473147
 -0.4054880729469179 -0.4736165954684939
 0.06955852084546059 0.8123175201355142
 -1.359329069870443 -1.704936665184459
 0.9509978035459699 1.589266948193268
 0.08982558953092704 1.764488206273143
 0.4171415346252613 1.853273541609438
 -1.063483464617761 1.000033166392395
 -0.06284498956977798 -0.3564502155596195
 -0.7177661671492774 -1.745114297860282
 1.078372662215032 0.08197280711370579
 -0.2581342506605018 -2.144880322746812
 1.093427922111863 -1.066900215946743
 -0.3972861839605462 -0.7912879739859804
 1.59544655193497 0.6706205294034779
 1.007480118118131 -0.1649339067832866
 0.02179779247316188 -0.3101412464947551
 0.5103289691185735 0.3796414714328
 0.3329347487279904 -0.2269374231380238
 -0.9202013011492369 0.4627503042097909
 1.458926669850494 1.153810863150504
 -1.179229142169428 -0.4032307414537171
 -0.1470330768877923 -1.011623341243282
 1.072225235080839 -0.8206281057262317
 -0.3256464755822466 0.587075131361773
 -0.6542333493519579 -0.9265295665886428
 0.2419062900873394 -0.8570604920042662
 0.06501838150653431 0.685584788492013
 -1.37980125072819 -1.765148998073357
 -0.7380534566980971 -0.8972203224249771
 0.9804327930039387 1.006752592976816
 0.1892259206231426 -0.3777616940082568
 0.04185512712551746 0.4958728196212204
 -0.8642003403161093 0.7648433718833081
 -0.4458816308479875 0.2643612435754096
 0.7145672053745981 1.1531789459051
 -1.893711488979634 -2.429036137768021
 -1.220083997167401 -0.4988767050542252
 1.045301027263407 1.597626647106849
 1.261105802575039 -0.2966374040004915
 -0.140816020371234 -0.2582964825405588
 0.3823376707603194 -1.061403954374321
 -0.9888819348199116 0.829273268731987
 0.8567619776859694 -0.4961169698650812
 0.7441453686562876 -2.075938907615506
 1.880099487896664 1.243523092518835
 0.6219181233537947 -0.436356094663581
 -1.518654766840014 -0.232402878177801
 1.028541146385182 -0.5729173775718482
 0.2409870480339102 1.654992339198289
 -0.405540154501802 0.1178338304038444
 -0.4525362902998403 0.7051896398013574
 1.356764648164132 -1.283487075961249
 0.3852194763915328 -0.06063147508540648
 -1.085439951729188 -0.6368110357844634
 1.434049356763536 -0.6878308829925589
 0.6726240061539395 -1.715539457294933
 -1.563919768422004 -0.05441974352458086
 -2.439785220204029 -0.0200535500635739
 -1.194708378705733 -0.6834776781517354
 -0.5987839188866551 0.1855183290963152
 -0.1748489578462343 -0.5805369337752635
 0.4971264096089555 1.220267466788368
 -0.3492042856709916 0.3566517721667129
 -0.4051203988272895 -2.044000152547341
 0.4505184413800011 0.8583636544730487
 -0.2625338896882939 0.6638237852242077
 -1.102596370194099 0.5389409501613083
 0.7102747669932318 1.335765662434717
 -1.094920453563198 0.636721967119707
 -0.1505950474776392 -0.9478441254554316
 -0.08024466726197665 -0.7663504447945388
 -0.465464006772021 -0.8439771419370342
 0.6498683738108909 -1.504952318849035
 -0.1472023148295077 -0.9962163451545111
 1.732334612369439 1.227577836764386
 0.2876362369344949 -0.7836567846411985
 0.1695916040232867 -0.6743813407402226
 -0.3487979158938349 -0.3152530247852174
 0.2166487234936833 2.7258314996653
 -2.183623976571315 1.449823262356643
 -1.511478119825781 0.4554378183697216
 -1.921824793771208 0.646266419618597
 0.8665026867404746 -0.002554836821396503
 -0.01070473689401866 -0.1605476771631195
 -3.461558724181645 0.2096190912742444
 0.3091356466827772 0.3223348646832628
 0.1282174001702645 1.469920468233877
 0.6319062100409519 -0.691871699495115
 -0.8177877608622652 1.912792257044506
 -1.625189083809422 -1.503088018999526
 0.4010118107038548 1.082144645268879
 0.1982671790620141 -0.471058263451922
 -0.498082005169338 -1.384871154063591
 0.2943624308948262 -0.2102096770502462
 0.6192125598733113 -0.0651853831556071
 1.620373130029166 -0.7627290379768076
 -0.7784674479257896 0.3422464944125561
 -0.1867982091051465 1.171507121486115
 -0.112001242599202 -0.2141765515123261
 -2.0564726282626 -0.7779283527011561
 1.842847013625928 1.319533672930907
 0.6442011488983598 0.4315332634198535
 -1.147645805230166 1.45817011606167
 0.7346576502216305 -1.195301069992239
 0.4065192266197883 0.2350883164291505
 0.8294911516410295 -1.962152701869626
 -1.042192576129571 0.3415740446799299
 0.6833520207127889 -1.060425749058856
 0.1182070776721076 1.32719675689615
 -0.165682812174344 0.4112846388098274
 1.145240742417439 -1.379549407135195
 1.748551171326374 -1.468712857629197
 1.108309474001892 -1.437475927110212
 -0.3631144054861315 1.414097381027273
 -0.01174741882776495 2.267207407949458
 -0.2102364257190481 0.5903686581295621
 1.306041170794478 -0.8235797345736227
 0.7548221131318856 -0.07351894377587814
 -0.3684588453797636 0.7052799484165913
 0.02461025285917815 -0.04853494663719287
 0.9349893786734615 0.5729308196242977
 -0.7949163268894761 0.4000972898877785
 0.1575103040810801 0.1467108862226
 1.768863653345734 0.3225180766840482
 -0.9404101956044829 -0.8335113191296611
 0.5692687471129266 0.6514437919143674
 -0.7371573367671587 -0.8806104344200743
 1.892799976892914 0.8366038341171018
 -1.376717918734953 0.8545119726626436
 -1.796170043438423 -2.391959250218074
 -1.000489021661546 0.04653859626774604
 0.3641306907892976 -0.6388104776725168
 -0.6845260767592096 0.04894352506634615
 -2.240859456391799 -1.971692742719387
 0.02912973972324418 -1.024142430679586
 -0.2240100004502895 0.8043922007262015
 -1.481015832941144 -0.2827329368170577
 -1.092242964852864 -0.2954574187973625
 -1.016299336696625 0.6687784197827009
 -0.1812742222586314 0.6262835035189248
 -1.040677005716032 0.958924603620173
 -0.4719402244060134 2.052943773129858
 -1.244442234289287 -1.032981277601783
 0.485244231539578 0.5370117466941532
 1.506256489333566 1.332535751754641
 -0.4909685559116662 0.5585638476145396
 -1.062444624719967 -2.443935307383467
 -0.8657806219257238 -0.2256509357712581
 -0.7156005837470127 -0.1656489066741388
 -0.9301135551069264 0.1326176855234787
 1.019634863183503 -0.3436623880946127
 -0.462833790012159 -1.00987761742514
 0.6174053378722152 0.4117696525533736
 0.3295663872399425 0.7373239201962356
 -0.1407067030751422 0.810318079558315
 1.176620083038215 -0.7822647810855984
 -0.5939735463112475 -0.9112916322729624
 1.015610726898458 1.309157149977951
 -0.8506260541057623 -0.09524584962808354
 0.6977774886569066 1.092772871437104
 -0.9587237973281515 0.9657550224635213
 0.4984350661647103 2.554107298886727
 0.5955144011100745 -0.03668254445528581
 0.002773138330963583 0.9468483175502298
 0.6691064283206514 -1.60063464997544
 1.766816365182279 -2.258822055964811
 -0.4428841562804373 -0.1715236375868513
 -0.3859392759710948 0.8341765587155605
 1.340938084119443 0.654832858979542
 -1.023287727163715 -0.8850838894233842
 -0.4387642305245522 1.365310797771203
 0.7218526831387929 -0.08293776673874899
 0.9195540337714606 -0.2637651487090368
 2.286621910050694 -0.4336959720961027
 -1.742839690737222 -0.06478524121147809
 -0.3213489419289226 0.8138225273044435
 1.348829994137064 1.041272282238425
 0.1935109308295568 0.3289929412465499
 0.6567782056616374 -0.4180313563073624
 0.3327261559409598 -0.6148752344080841
 -1.647234424514526 0.4418269013018232
 -0.3344467690944365 -2.068908533104884
 0.4856339303457251 -0.5107749914224596
 -0.8293820153012138 1.824251808682365
 -0.6824050278306837 -0.4301692602113262
 0.06345575985151473 1.111355720704718
 -1.19584615994354 0.06655394538876103
 0.7344049381801691 -0.005818579633971007
 2.346111989262647 0.7174406610292919
 0.5280735562092881 2.163658951421715
 2.417889925628629 -0.794937491797888
 -0.6247015140347251 -0.1495296893639256
 -0.1328994898783643 1.604650506874782
 -1.020423952487561 -1.156773633882495
 0.4384801836557254 -1.28097273224978
 0.7542546667597182 -0.4870814375313038
 0.8128288102155894 0.7344867489943777
 0.5748852308350172 0.4629468674407757
 -2.943423009754614 -0.9057371077621905
 0.5860787636917177 -1.360530239300529
 -0.7718949100288608 2.145049426175471
 0.4957067337401789 0.6767315078307597
 0.4465559955835059 1.004783563281345
 -0.01395509578732533 -0.4379416370079334
 -0.9192316846934112 1.231405489979255
 -1.611750794406473 -0.7334444635737468
 -1.75083972444946 0.6029428490777936
 0.8747452492100766 0.5222923529081729
 1.638205212087663 -0.1263314137536942
 -0.4743834941190794 -1.026076861984236
 1.196219803740451 -2.896899564273331
 0.6570634198527903 -1.443359594589731
 0.2815371802055873 0.6412472984268992
 0.2431673951546561 0.8550612767378027
 -1.394205515495434 0.382542095559778
 -0.7606691841279721 1.650385300158743
 -0.2016951205633084 0.5034040810673625
 0.8264202271137276 0.228226673722719
 -1.171250866540778 -1.143362912818072
 -1.242037639793357 -0.7238115893972132
 -0.7276898486238597 -0.09438803247696555
 -1.04383642653701 0.5166828177439924
 0.8130704306401664 -0.2512286025761999
 -0.8730854720211035 0.01788961744461876
 -0.4656835091703358 1.145908163932809
 -0.5253145481602695 0.4724707326229706
 -0.7903643223355015 -0.6737847952990287
 -0.6093409398011332 -0.3096179477030487
 1.471224459115586 0.5917483414869876
 0.3799347629764275 0.3364266971084826
 0.3432696845352176 -1.527898525539277
 0.371041911158005 -0.06035165158445684
 -0.3084437026892557 1.081830375326154
 -2.099154020888499 -1.543403937626284
 -1.260962581981248 -1.298157725448142
 -0.05500350617450314 1.709018853195952
 -0.947051193060772 -0.09068607893275275
 -0.02988216371403484 -0.7117898106243644
 0.04059671686001959 0.7999049269503499
 0.2029832992592411 0.7192385392413033
 0.4070868770484867 -1.127696070988257
 -0.5370054530071532 -0.08555843854685737
 -0.9294907773786054 0.4549111679759776
 0.3093304704705617 -0.2346081047926099
 0.9250627777993401 0.681698338069934
 0.4263901158084767 0.4682209894968875
 -0.8547382227478195 -0.2733014155678776
 -0.3179762074215618 2.189887085352593
 -0.420985854869172 -0.6687874752976397
 -1.140694161821441 1.467745302164407
 -0.4843763747337279 -0.2693166006546281
 -0.4531151849399792 -0.02445957108877679
 0.7585360422700594 0.7466581020661343
 -1.728914637501987 0.8480885767081476
 -1.21121813985256 0.264964409914502
 -2.006968375930221 -2.669002870753224
 0.3821899218367775 0.7764206757127391
 0.3192845258963485 -0.7016849958435014
 0.9164282064434955 0.4159374710559635
 0.3757081599336584 0.8618000638652129
 0.02064722579229296 0.2970916205421182
 -1.122091536992686 0.4556393827206241
 2.083382322338655 0.7038006048500964
 -1.74857601763755 -0.8807837610195852
 -1.054502597002337 -0.6671448188797218
 0.4928899875855405 0.3002590087746839
 -1.012248365090558 -0.1123488880555183
 0.6761998235858225 -1.670187231903134
 0.7988551182588902 -0.2546731168417815
 0.8299945614766459 0.1213673003658381
 0.5241122254999955 -0.4228136454753068
 -0.4726822441264391 -1.579030114677733
 -0.6834438935971219 0.5055336463793515
 -0.1128455668173972 -0.5359920185713017
 -0.6515839518050611 0.4896758360608729
 -1.496968467911862 0.8727639414114277
 -1.000500006733905 -0.8760874272151552
 0.6006556846768177 -0.8106980610201442
 -0.6644974671752908 0.9010025431883748
 0.2080836887446443 0.9328795258063068
 0.1384945050729849 -0.4714723030006772
 -1.668799546235908 -0.3794728714425724
 -1.063366682338696 1.823087721123199
 -0.5901663137056817 -1.214621316660609
 -0.668017773545927 -0.2207130993466398
 0.2631293794255765 0.580299616413508
 0.4270248214244076 0.6408059564522754
 -1.43771104841597 -0.6423139460654469
 -1.196302249373162 0.7782407511369915
 -0.4508470454275791 0.2503668246288235
 0.8591877229535477 -1.414244028906431
 -0.2003855373002726 -1.185352440596636
 0.9049159777881145 0.217026942257208
 1.099031198812829 -0.7728670833953772
 0.1736534438148405 1.166530730608264
 -0.6195457659600263 1.849182398020008
 0.9534023369000408 1.674198049537477
 -0.1023596096320493 -0.8427142072957372
 0.386921902929704 -0.4207846912354739
 -0.424293764051377 -0.358505599633744
 1.471909089040498 -0.5030980181970959
 -1.646850628941403 -0.6289368826227278
 -0.7324050825946583 1.282535281790578
 0.8251484511074134 -0.03009456359861157
 -0.1317571742644033 0.1295595897323278
 2.159508156668479 -0.02817949196219685
 0.7234405191177868 0.5090481647966669
 0.3625015991091233 1.69609441218549
 -0.5978860631511078 0.9028568704024228


