# Created by Octave 4.2.1, Sun Mar 25 12:26:46 2018 GMT <unknown@unknown>
# name: X1
# type: matrix
# rows: 100
# columns: 2
 0.5415402923233948 -0.7056573977623692
 -0.7169776035152291 -1.700277553716573
 -0.8894586192195694 1.877512739546265
 -1.051504100707728 -1.525786405456076
 -0.01253740659532655 -0.6039604111018358
 0.651165948528703 -0.9635946446188857
 0.7693049612339207 0.1954142966403816
 -0.4580676190496724 1.453430264572298
 -0.9137891067027062 -1.056630282936342
 0.01344643415216249 -0.2256727120541261
 1.102158028434345 -0.2052331171504509
 -0.4483293702083962 -0.4945310454664572
 -1.933027656353181 0.654113783177473
 -0.684182069110482 -1.096761902889355
 0.06114658164696889 -0.4320679259849056
 0.5443092183931528 -0.9659906727272939
 1.06787517854304 -0.2303395799140355
 -1.700025495468622 -0.4643057890938402
 -0.9130601160188878 1.582775754489093
 -0.1267852556923816 1.158938060348933
 1.155513263108748 0.3324400781225624
 0.6852229664539571 -1.78433734473043
 -2.246946005414822 0.6660155156395731
 -0.3544309376684957 -0.9190534144434309
 -0.5309506603157156 1.235350377527677
 0.5441979180893103 0.1738919995629807
 -0.8300403821267367 0.6905341136913534
 -0.05274494500721273 -0.9548860958648585
 -1.328603223671458 -1.684895024598789
 -0.8050938344899172 1.00176682035603
 -1.645817860933948 0.1457556066961419
 -0.2869692643762632 -1.364159087588967
 -2.073903193600893 1.092491713466279
 -1.534919996939667 0.4999888551353487
 1.472246238193077 1.1903325855619
 -0.9681482040813491 0.2434397493992167
 -1.082807579204466 -0.7427760353775616
 0.1397733009342816 -1.119146742223873
 -0.1281752040148922 -0.02715423526647073
 0.08430829753601514 0.7866283226412913
 -1.405154917354599 0.6294505096533834
 -1.099773166430166 -1.45899689435763
 -0.8291506873830885 1.078916250389762
 -2.009058903168067 -0.7261294499909159
 0.4198759952675184 0.7643341178930073
 2.817711939841954 0.5154872609787822
 -0.5072007795749375 -0.277630241759176
 -0.8880394358762317 0.1536009537030668
 1.009947421672462 1.215153969415377
 -1.476313314235839 1.267104940344857
 -1.626751789125597 -0.1448477834544076
 1.0580386573703 -2.198741428107755
 0.6528494843140535 -0.06842933397061786
 -0.7847386368214706 0.7195251903449579
 0.04561286341983244 0.3841961959917778
 0.5251248717461608 2.369418311416728
 0.02877395267566292 -1.465858679888855
 0.8328717547352559 0.1298318118834992
 0.3060057265096602 1.692468286901861
 0.2369698350259181 -1.095912206090809
 0.3156022449731523 1.110882894008864
 -0.271385680149847 -0.2769457902278779
 0.1062380735638698 0.6306045093464933
 -1.481180641292327 -1.532069425493345
 -0.8266214201320899 1.724571099893437
 -0.1495757556572952 0.3726348459774475
 -0.2963154834639716 0.2422902765173688
 0.7249238973867742 1.6319105031335
 -0.1060299310677192 -0.3353224024866124
 -0.5277793206961722 2.032727269697895
 -0.5705673124292088 -1.021085673032774
 -0.09883215028286854 1.57901711176769
 -0.1350014515476814 0.3635217166919834
 -0.04456678881993743 0.1885318173917378
 0.9531278638702546 -0.1347076308803453
 0.04820550229435636 -0.3947456794422375
 1.621951647868423 -2.101628468308217
 1.246180415869512 -1.926065380698515
 -1.260596726638953 0.3830741447133694
 -0.3778464014909436 1.156714418198099
 -1.190343688468537 -0.9131330041827554
 0.5108971699092246 -3.889730039256808
 0.5969709671580935 0.5329235566808354
 0.6692257144293891 0.7225648979503539
 -0.1292895283555211 -0.4753073553363266
 0.3303324993907254 0.4037950167361299
 -0.5305765100658468 -1.668041639244724
 -0.7029706169377277 -0.1301913163869438
 0.9404192146123048 0.1208540153521745
 0.1288237139971216 -1.382773448867941
 -0.02735667985986434 1.140223765816497
 0.2523050497162051 0.01917890854576856
 -1.923120718332639 1.547111875433892
 1.771833695618955 1.93690328504917
 -2.135166695014396 -1.830355704404746
 0.4608219389049143 -0.1213771165369824
 0.7570634348682969 -2.027321535419401
 1.505286436849266 0.04453229549923413
 0.1670395313445252 -0.8863149919145377
 -1.022088721104288 -1.313507740820143


# name: X2
# type: matrix
# rows: 100
# columns: 2
 11.48278709765333 1.283339957577156
 9.62489898819215 3.082385039755555
 9.33249302260214 -1.163256177759821
 7.429291197918901 -0.4212410727977995
 9.03504412854447 -1.924457515098962
 9.135390447622662 3.15239064505262
 9.291517841584614 -2.927758295321365
 9.66985329416333 3.650206552118522
 12.70086977817846 -1.073964109310726
 11.19174850514678 0.6042835166439747
 7.528920954091832 2.70426728193499
 8.274194657051588 -1.670214962355965
 8.647501079004341 -3.10798591539331
 12.20618620584519 -0.7055221458874933
 5.42969840681591 -1.717868906144284
 10.78204002510501 0.4703202488837724
 9.199930980209549 1.068262058419486
 9.260624340290372 -1.484300780152442
 8.171409093786965 1.113281100701903
 9.360150589523684 0.6902398892041766
 6.033119396049614 -0.3309437294688982
 9.524175208000923 2.871897503074337
 11.94793242438342 -0.5928940462420502
 9.711604166864209 4.176834687423788
 11.733495812833 -1.269915733579419
 11.09381781101742 -1.264661616483361
 9.34373765515754 2.900375728584911
 15.49765623965692 2.025113298529977
 9.96980106221933 0.3993855978033784
 9.816321136629041 -1.503624366765566
 12.41484353168569 0.8334333398973041
 12.91287105950624 -0.8753730028724674
 9.501933401034981 1.101569483950468
 9.478149217829984 -3.311944176526493
 10.20748378261786 3.315916471814473
 13.4324423257328 -6.996888077808467
 6.809618650754452 -0.5380314422878119
 7.909442649891661 1.447427613501812
 8.51534677807693 0.7536956601136131
 8.278071546810756 3.451324431907399
 11.15745922248495 2.422984512291308
 15.5698956585483 -1.011658377341191
 9.135502791169445 -2.974128827120623
 8.944225829007381 1.557315107030086
 9.58625148164063 -0.9659414939520753
 9.777950108755549 -2.553477856694427
 11.02481148017931 -0.3601453741078184
 16.46062302075019 0.06427821089767533
 9.003678855491307 -4.81290039349935
 9.923332117848348 -2.945313723964314
 13.37665601336175 0.9130783103941061
 11.58418135001639 -0.1901874475548433
 10.45226424458838 -0.9532859375416773
 7.294378704065521 1.151666479507784
 10.00943316487677 2.53101392468576
 9.01380753594135 0.8952534819230589
 8.377012909358433 -3.596125938816358
 10.1635063131289 -1.278770351610532
 7.077210315111628 -1.051888580612505
 9.968058917267374 -2.431914483084401
 9.50937549500537 -1.918023293760155
 11.11480233301133 -2.160880635492072
 10.382126370963 2.037259269504411
 14.58570443540229 -5.250474099789288
 10.68030529923166 0.4707836549117668
 4.727177407308738 0.7701904608766647
 8.407527238013678 0.3365167033827636
 8.088112221312445 -2.887945527364657
 9.823636666904539 -2.407987507906158
 11.71214106549728 -4.344574650034544
 9.895654581388689 -3.165977198857243
 12.90253216228402 -1.154716292753133
 11.83129921922284 0.9737596126254219
 15.51342378126086 -0.5635028977356982
 11.53499160336797 -2.384087034328673
 8.249675826062086 0.3717191881212482
 12.54062008710869 -3.767264652981805
 12.03261901032127 -0.3737978366443384
 10.9955541213618 -1.312514409085086
 9.210447460203124 -0.3195289140708537
 11.76010944436618 4.849850482479259
 9.726421747158019 3.387480277034699
 11.34835375507669 2.711939515885855
 8.221798994411397 0.7205613895091535
 12.20763668356931 -3.203313426066054
 11.19199832880157 -3.315935228024937
 7.133099649020833 -2.016353674202803
 10.36754884248987 1.452911470141454
 7.275470834320391 2.555606420938528
 9.425511001528584 -5.030457111360919
 11.6538315074425 0.5011168443570231
 7.897974432955474 -3.173939956766817
 8.723321226486092 1.29103485377118
 6.246716963469923 -0.9093247057135909
 12.60333447866756 0.2247563894183348
 10.34368315810474 0.09211221785241264
 11.63426931191463 -1.654900975824514
 9.810154337171809 -0.6943654606298555
 12.39999651108445 -0.7654883977337192
 7.027462273090681 -3.983680603301025


# name: X3
# type: matrix
# rows: 50
# columns: 2
 -0.1119240187620943 7.199835061179622
 -1.792295956140714 12.27326915824215
 1.328368827606966 10.38257262940631
 0.9434132965364554 8.388232394721708
 -1.81096038964464 7.031816077013499
 0.1769885959163034 7.43068856833488
 1.843156666909206 10.18968321260673
 -0.8825238087592631 10.26518245505722
 -0.7495533700873173 8.961230838387575
 1.292625402383416 9.464296995552509
 1.025368346375761 10.67131439579699
 -0.05244125335738325 11.6810125289534
 -0.4694807612569775 8.464239250478432
 0.5503538423317542 7.292589117395247
 1.213358125853237 10.46551593217603
 2.204364440217551 8.571634376835883
 0.3574944210318944 11.10831822142593
 -0.6199342319518593 12.09289927659933
 0.9578450612178924 8.805085960987952
 -0.1394996857144378 8.370371641737814
 -1.515940999493112 12.52942146725823
 -0.3739644580839294 7.956995212812652
 1.32684034623619 10.90504443957599
 -0.3500293013682845 9.061280106355181
 -1.334080396643762 10.44315270207623
 -0.09437388703628111 6.224890030156483
 0.4180617676536541 8.296974255055382
 0.868759559137444 10.19054900128247
 -0.9336855461968072 9.611927692142469
 1.466902500009603 7.914754812928088
 -1.240148310458496 10.72961248873924
 -0.9371502877989113 8.667464784843798
 0.7034165345350891 7.986136179213888
 -0.3318337569166333 12.20612578488176
 0.5883258578819147 13.17698775029852
 0.8030082457065347 11.47062755847955
 -0.5590841769623489 10.14101280295365
 -0.658914786762871 8.254642119171026
 1.175711882405144 11.44500258738764
 0.1110801985026747 8.254983893873426
 0.718542103830666 7.924982273473589
 1.138940312724258 9.651329495601731
 -2.091029437022182 11.4460622136688
 0.822444589013542 5.62515055230871
 -1.284029789953283 7.794326731956286
 -0.3058616567345507 8.896859788223209
 -1.501770259608304 6.266403385171868
 -1.261639470060915 9.075752363284304
 0.2383432587822102 12.78255976120232
 -0.2652865219974078 6.433135446457703


# name: X4
# type: matrix
# rows: 50
# columns: 2
 9.947624459601865 10.70618752582786
 10.21175512565049 10.66062731949398
 10.04717496859105 9.659624153346535
 10.12000862410821 9.388377926561866
 11.07551043279709 10.11131618908697
 8.791972969079549 8.281748053612757
 9.659584964997341 10.04352947350453
 9.860407077760962 8.562452166972538
 10.71977002712871 8.995346195130525
 8.945891755858604 9.512861743453472
 11.06394660957041 10.86054608281806
 10.03648535099934 9.685359812284574
 9.869168153835302 8.657227659934383
 10.44288517367792 8.619340435061135
 8.773654721914422 8.999479515257669
 9.905975416935044 9.942080561284673
 7.505199994185883 6.650096823463101
 9.672318259427424 8.415171408629002
 9.666514805261679 9.890032677730895
 8.022542491249656 8.031473651070906
 10.29094762839564 9.89377556280389
 10.13864783795605 8.845697866551125
 9.112981555826918 11.39973516799416
 9.698178192215309 10.46178160371221
 8.612581883682125 9.245724468414485
 9.233442279790095 8.667345334865953
 10.90114355520334 10.74931773188096
 10.19421470979478 12.11279811562604
 9.93645365325705 9.880737422833603
 8.956446020030043 8.973415477987608
 11.27966985206353 11.19458110946093
 9.635838311973099 11.64698475222314
 9.295244374236294 11.84847269126162
 9.294974156008434 10.2614450705234
 8.973169710602113 9.23926615143878
 8.885672905711099 8.804329865082236
 10.45679469583958 11.17998687765813
 9.705979692754513 9.510317092193969
 11.64463250461619 11.59146685189437
 9.201137357267346 9.818487260596411
 9.974955506898459 10.45620406507398
 8.597784347411459 7.586486648908378
 9.304135324357622 9.709551242234253
 11.20417954088832 11.70227993529198
 8.664948183464386 8.398933242338472
 10.3919486869167 10.74561186785282
 11.04400684515593 12.39709298625242
 9.214650470918592 10.67858957140065
 10.83262803136684 13.27745419941697
 8.664051134198198 8.997863685525449


