# Created by Octave 4.2.1, Sun Mar 25 12:09:13 2018 GMT <unknown@unknown>
# name: X1
# type: matrix
# rows: 100
# columns: 2
 -0.8621869623644047 0.2195305876522755
 -0.5638564982343122 0.01149840955621173
 -0.2460779431434378 0.0192459392846231
 0.9571800553988495 -0.5024049872617543
 1.008318181051461 1.934755269901111
 0.07583621363873147 -0.9155481365745478
 0.8948296287268773 1.517133173672248
 -0.5984398981450428 1.785115607924124
 0.4827554333114746 -1.852413017385936
 -0.3546361651891814 1.566507881670551
 0.4034786075814897 -0.5378636318834682
 1.853434840716846 -0.3342990782510538
 1.879987586418763 1.503434586066988
 0.4328084863542548 -0.010203531287057
 0.9714630784711699 0.5604859636931407
 -0.5611363655710661 0.3905981120672972
 -1.567842409400018 -0.7192504362839278
 0.4254962131498008 1.754408318557323
 -2.736146651225572 -1.884363244578816
 -0.2211886960114169 -0.8210865017739771
 1.213269174849783 -1.381066037420277
 0.7377033807103123 -0.1636892361482723
 -0.6429110147040703 1.311063975987094
 -2.137306038365586 -0.3183834939190221
 1.91594040396257 -0.1479571477606189
 -0.7411093192248969 -1.676746014591899
 -0.4581043511399538 -0.2850456485328114
 -0.06408369061030054 -0.5417811043953494
 0.4456610821591435 1.732666040364504
 0.2969463458093825 -1.211680102362726
 1.415060389831999 -0.5683687852842102
 -0.7328253719786054 -0.2169483030892399
 -0.08666805816081957 0.1658294674615479
 1.335765055725214 -1.697808614712388
 -1.686079525674299 1.395442969349036
 0.09448399522709243 0.6980193621054288
 -1.887279275962407 0.05713682327906808
 -0.7009901508220382 1.365986956407375
 0.1570031692985723 -1.5780868709642
 1.698677584670881 1.131857817054247
 -0.1282941074775297 -1.103403255199251
 0.02063713499997504 -1.720995089300212
 0.5267470461263141 0.8296893414124829
 -0.6375700344362404 -1.236474866088963
 0.5783052797962774 2.236898622655998
 0.01261330861483609 1.975198055392963
 -1.744151578677958 1.312194770738613
 -0.5381977964282848 -0.3719992964294035
 -0.5440208767947013 0.7897507588745513
 -0.8103271443724819 0.0415771145630444
 1.495427442619759 -0.6641383163312446
 -0.6953380969900494 1.185805957892545
 0.7675929701025193 -0.1643567141781108
 -0.3321565487070502 -0.1847323452450279
 -1.43575854125708 2.188849448593884
 -1.359446717993946 0.2876224625490904
 0.1141649393303076 1.272235552206522
 0.6958928718765538 -0.0003706311037076863
 0.3963232794099024 -0.08561139130650454
 -0.504309900197516 -0.0331406765302928
 0.5069005190235595 -0.9519031566483421
 0.7996749480665136 -0.2090303928488428
 0.01805487528844374 -0.001227266040943903
 1.325558009033295 -1.499274308984095
 -0.7979085360416551 -2.617885988458692
 0.105239168860774 0.8793872102984959
 0.1542498266053551 1.707727661941448
 -0.3154738030774607 0.501211303629175
 -2.505245527033974 -0.242399209022854
 1.084870215493465 -0.607689834346815
 0.8966571296965378 0.1818784683710011
 -0.8828199457984065 -0.720854337106227
 -0.2443346486834104 0.3658843905021561
 2.042582302105456 -1.019547895774471
 -1.735396042384677 0.0478322930995207
 -0.7918546486126237 -0.1826545634288697
 -0.9432076998129022 2.112514269268944
 0.1942120759913804 1.724884588437944
 0.7515052152449161 -0.2750847053474202
 1.355436229246825 -0.672122330575792
 0.2461788548897987 0.4482102075791344
 0.838949102912801 0.3979430955593061
 1.114183855007119 -1.155576208872993
 1.165004356104944 0.04998036830300098
 0.08085479926866583 -0.3672737425140691
 -1.195316882356683 -0.5561344201328914
 0.6333994932843102 -0.08199329250614594
 1.965239613904519 1.229168207478989
 -2.612038520402292 -0.3540723246041061
 -0.9558486088690115 -0.3167928426631104
 -0.7417821741777053 0.3669714204323513
 0.7707700496342378 0.1312172966987841
 -0.7589587991081506 2.725995596259425
 -0.158232260270008 -0.727779609676205
 -0.08132149996790967 -0.5833927928013707
 -0.9240619449364922 1.783337535445749
 0.8009571032031374 -2.162379568631129
 0.07993663117219824 0.1682659588229287
 1.159134904503133 0.409264729796089
 0.1713143087085225 -0.4949541133475073


# name: X2
# type: matrix
# rows: 100
# columns: 2
 8.421621172967061 0.3580740837299338
 10.62705614605764 1.150104273487329
 14.27027918619927 0.07205854654800747
 6.516861755517226 -2.977976989333862
 4.378111792133447 -1.467700258906513
 6.604605677591771 -3.290527863122263
 9.342527339044382 -3.476161302420642
 8.155973726781765 1.621296370755916
 9.371962032468845 -1.139571800229677
 8.56560490657025 -0.1974192420921952
 14.28276289535402 4.936591662510367
 12.3430026102014 2.950258439287736
 13.05198888333702 -0.09941257317542158
 8.18565297984267 0.3722892115408101
 11.5683522950798 -0.01331285499540557
 5.473605555724158 -0.6533131413379337
 7.858278228945919 -3.415432763868365
 11.01783020153025 -0.638562961846005
 12.2249815798434 0.9188696530791423
 9.463647440629714 -2.84475164695105
 10.81552834694953 -3.291431119896268
 12.48547695688699 -1.027301664167379
 14.35835045158831 -1.673671347852468
 10.22321495597176 2.479994027094514
 6.352715907707182 0.636263934868785
 13.14994726158961 1.537434559738538
 7.764641132198963 -2.817844914628869
 9.15120934174781 -1.126947037460587
 5.935511487455602 3.115731498060903
 10.61016358820623 6.817185111287465
 10.11579492255484 -1.417529340198834
 12.52047552889265 0.273397986797069
 14.85389835759865 -0.9669041729776078
 5.732371971029648 -1.252164027902438
 11.83382704397137 -0.7983133875628411
 7.521363152112823 0.545877650389047
 13.05036261092174 -0.2471353526481858
 10.79894634937282 1.305503367818027
 11.78093509019905 -2.577723184657311
 12.86446255209972 1.74508629011445
 9.760096980809314 1.478578970085499
 15.77375628545065 0.2152762087362953
 8.74446395733341 0.2250196088689583
 11.62542978144333 0.3824926653176674
 11.5974041781057 -0.04823286363432625
 9.814159422325762 -3.384323490126793
 11.348749039942 -2.435788464982312
 10.10172271393619 -1.237531265638308
 9.775562212526841 2.172589088170651
 6.631856442849999 2.80177358097024
 8.430940917188975 -2.041142688074068
 12.6910984607566 1.219008284661783
 8.129245597914151 -1.903036144045622
 11.4981875452687 -0.9117333936957862
 14.45282980997017 0.8320331791639818
 12.31032644624984 -1.218437319718012
 7.597183998128429 -0.8691145398636356
 8.700658175647792 0.8243733944087037
 8.380379985043948 -0.3335998724140599
 11.49683230015588 -0.1650941204496816
 12.93399973231957 2.465775079687091
 7.768895294844855 -1.092267400872046
 10.71169325317455 -1.215091597841275
 10.97408455892905 -0.2900822638437104
 9.742243459251526 3.459682205148479
 9.046491350648097 2.885441156507763
 8.807759035016442 -2.40582346390108
 10.37037619119049 -1.272728787204541
 10.84730486997835 -2.386723656896609
 7.902542209328305 -1.524979242461203
 11.51189176487159 1.138997253505558
 11.5574395744662 -3.831621958235035
 6.865849184781478 0.8255478585213525
 7.647506230467315 0.8556864280381254
 9.670748811409853 -0.02464281437314855
 11.95209593368397 4.47606541929555
 10.88363958567184 0.8794633257995741
 10.72068358735171 6.109533293898771
 7.14883759508294 -2.385273659770588
 10.30060136563782 0.4428051254200228
 11.17123932763246 -0.5079156125732442
 13.50974085627771 -3.095625716830105
 9.90283748319389 0.6513968055693546
 13.48369168422283 -0.6223574870861797
 12.59697446057121 -0.4043043412761686
 9.36495937120042 -0.6066416960648024
 9.626624898049702 -6.357311950185243
 10.7150054599211 -0.2229756153147365
 13.57197924192693 -1.017030065456724
 10.96201477384677 0.3105432730709874
 11.49144507417015 -2.937645252497543
 10.99226574692281 -1.979687383019791
 8.888554807662651 -0.2487918376778916
 6.773204280713993 -1.885437173494296
 12.28584275539041 -0.05391967569097849
 14.06490216614315 1.81953980880285
 12.80105738115713 -2.443253112782827
 14.49328750918033 1.529564599572556
 12.96614903471111 -0.9578610443927124
 13.60194153589066 1.648062428906479


# name: X3
# type: matrix
# rows: 50
# columns: 2
 -1.413780219258578 8.636389074750248
 1.62898983047945 8.10309928781272
 -1.297924874057787 8.027832210209247
 1.226277397884416 9.498365527746209
 -0.5463753475321259 10.10580746920314
 -0.4462590983291883 8.966497139848641
 -0.8023965072319906 5.378800725926842
 -0.6873673369411499 11.13582868838935
 1.38556459581066 11.82700085282009
 0.6692270996806198 11.0402310965806
 0.7891753611152051 12.14772657933974
 -0.4098900910767636 14.40129957161998
 1.290370297912062 8.554075690237942
 0.9752968629857002 7.797994251976379
 -1.165944785493489 11.57043078417845
 0.9213270999901267 8.967313483280593
 -1.401081894970648 10.8475761588964
 0.8736130021123248 7.490906564095763
 -2.175140510170034 11.54409476408578
 0.5668304156375348 11.39124480198852
 0.6731322016441105 13.08777816443018
 0.9783267012616714 12.41584654580713
 -0.06747630468600692 8.297784381652175
 0.2955054475608591 16.16864203496975
 0.1890642290037375 11.22300430039515
 0.4169329816791184 6.250187106141096
 0.2804244925172663 15.81758338358233
 -1.019950237893102 11.69737805592537
 -0.2590841024572465 9.430776918861497
 -0.1711594994170683 12.39143642747819
 2.599296482333616 9.343210572575384
 1.721430648007106 13.01269800093018
 -0.224829926670882 8.694590460646022
 0.1532036820684746 6.992547406563481
 -0.9650040603208554 10.95319991076408
 -0.8536351620395999 12.07564331691096
 0.3553178703513652 12.00573044146457
 0.1699220362223572 7.209830830904396
 -0.8064875890469752 7.7752720672978
 -0.5411760137259457 12.94083125061627
 -0.6772707885208237 8.908226878166102
 1.860684889288817 6.467627761059889
 0.1107157900749354 7.279552193717819
 -0.37949367402863 9.979139633606907
 -0.6790128223907635 13.03314705081546
 -0.1634909870850653 6.436948589826308
 -2.09075567375458 13.08201019866295
 -0.7389965185968226 8.200196935844613
 -0.9893342995404563 4.163735391354044
 0.5818175543727191 11.83780221755846


# name: X4
# type: matrix
# rows: 50
# columns: 2
 10.67301836165339 10.42469056458229
 9.807724594252477 7.350876040364746
 9.778637953299986 9.027796885668954
 9.991916137629735 10.2792967007704
 10.07015310661812 8.904675661113233
 11.27062005119735 9.409749961265396
 8.669289194087956 9.597388502445856
 10.94167611548699 10.73890516778221
 8.736504858251465 10.12226205607727
 8.02111727152735 7.422246835092674
 9.59256724910049 9.611103935473297
 10.26009226722478 10.1642277011151
 10.07744506984367 8.64596391634562
 11.12971251594394 10.61935606504368
 9.135676757117759 9.890404116911625
 11.01799024581581 9.857732192431806
 10.9533150310611 10.46130177024501
 9.815970616299575 9.876836296153288
 7.92287417275338 6.234226553203669
 9.333958404707372 9.014312201603277
 10.98637210135799 12.4942264870967
 10.67265059286284 10.81295173502362
 10.63914476051146 11.96497704624135
 9.979729499777697 9.672694420387176
 9.696335088522117 11.40313367523945
 9.375233719903761 8.543242958701452
 9.158102281352356 9.618428213324734
 9.072471447570274 9.084626420106487
 9.049905974062598 8.207548320778622
 10.12704472575772 11.25214536664505
 10.40533745772561 12.32153739113646
 10.71876123696543 11.74985710994775
 10.81933044122847 11.80809989983986
 10.36230953981964 12.51246322720795
 9.943517425182494 8.42216364982059
 10.91831185020686 10.00555453004831
 9.061084263093134 7.012044771849911
 10.54198159210108 10.55408426573329
 11.09551198174899 12.30472066812548
 9.871529090986877 9.481173729694659
 10.9992685527637 12.47676375171582
 7.665631669116376 8.717437421989672
 9.090417319148424 8.423888522689699
 10.16595490100179 11.1250532474654
 9.965321522997229 9.526599704013313
 10.45103328941798 9.052625729595269
 8.481860518229702 8.132359662469693
 9.592965601390466 9.453596172111572
 9.1793477117319 10.11597053623097
 10.55960585096621 9.401011096198014


